0
0
0
0
0
0
0
0
0
0
1
1
2
2
3
3
4
5
6
7
8
9
10
11
12
13
14
15
16
17
18
19
20
21
22
23
24
25
26
27
28
29
31
32
33
35
36
37
38
39
40
41
42
43
44
45
46
47
48
49
50
51
52
53
54
55
56
57
58
59
60
62
63
64
66
67
69
70
71
72
73
74
75
76
78
81
83
84
85
86
87
88
89
91
95
98
100
103
107
110
113
117
118
120
121
122
123
124
125
126
127
129
130
132
136
138
141
144
148
151
154
158
160
162
163
164
165
166
167
168
170
171
173
173
173
175
175
175
176
177
177
177
177
177
177
180
183
183
185
188
190
190
191
193
193
193
194
195
197
197
197
197
199
200
201
205
207
209
209
210
211
212
214
216
219
220
222
224
225
226
227
229
230
232
234
235
238
241
244
246
248
249
251
256
259
259
263
266
272
274
279
281
286
289
292
294
295
298
301
305
307
311
313
317
320
322
324
326
328
332
336
339
344
346
349
350
354
358
362
367
370
373
378
381
384
388
393
398
404
407
408
411
414
417
421
427
430
434
437
442
447
451
454
459
464
469
472
477
481
486
490
494
499
504
508
512
517
523
527
533
538
544
549
554
557
562
568
574
577
583
589
596
603
607
612
616
620
624
627
630
633
639
645
648
650
653
658
660
664
670
672
679
685
690
695
701
706
713
717
723
727
733
739
743
748
755
760
765
772
777
782
787
793
797
802
808
812
819
825
829
834
838
843
848
850
854
859
863
868
874
880
886
891
897
902
908
913
918
920
921
923
925
929
933
938
944
949
952
956
961
965
969
974
979
984
990
992
992
993
994
995
996
999
1001
1005
1009
1014
1019
1023
1027
1032
1038
1042
1047
1052
1057
1063
1069
1074
1079
1084
1089
1089
1091
1093
1095
1099
1104
1108
1113
1116
1120
1125
1130
1135
1140
1145
1150
1154
1159
1165
