8
10
12
14
0
16
17
18
19
20
21
22
23
24
25
26
27
28
29
30
31
32
33
34
35
36
37
38
39
1
40
1
42
2
43
2
45
46
47
48
49
50
51
52
53
54
55
56
57
58
59
60
61
62
63
64
65
66
67
68
3
69
3
71
0
72
4
8
74
8
76
77
78
79
80
81
15
82
6
15
83
6
84
85
86
87
88
89
90
4
91
8
9
76
77
77
78
93
78
94
78
79
95
79
80
81
96
81
82
97
82
83
98
14
15
83
99
9
10
101
10
103
104
105
106
107
108
13
109
13
14
111
10
11
103
104
104
113
104
105
114
105
106
115
106
107
108
116
108
109
117
109
110
118
12
13
110
119
5
11
5
121
122
123
124
125
126
127
7
128
7
12
130
55
56
136
137
27
28
133
56
57
134
43
44
72
73
135
69
135
150
150
151
150
133
55
134
142
157
155
132
132
133
143
156
142
160
157
161
138
138
140
140
167
139
167
25
26
156
147
135
149
135
148
173
139
168
169
177
48
136
176
136
175
38
59
60
158
132
143
164
142
151
165
28
29
57
58
143
145
162
134
145
157
161
191
29
30
188
58
59
185
189
189
194
195
135
136
175
176
182
183
181
184
132
133
144
163
164
165
187
71
72
135
148
149
42
43
147
150
152
155
128
203
153
13
111
112
5
122
154
9
101
102
159
143
190
142
150
151
187
155
162
151
152
154
207
141
173
177
153
186
146
159
206
211
141
213
143
186
209
214
156
173
213
217
142
160
165
143
156
164
190
219
32
33
62
63
179
160
23
24
177
180
31
32
222
224
60
61
158
185
132
153
163
186
214
19
20
182
66
67
183
151
154
187
200
212
20
21
229
65
66
230
142
161
166
220
63
64
168
179
223
22
23
169
180
225
26
27
133
144
156
173
158
190
221
166
188
193
200
222
224
226
5
121
207
139
140
170
178
139
140
167
171
172
243
50
51
170
35
36
167
171
190
194
209
64
65
168
233
235
21
22
169
232
236
141
177
180
213
141
179
223
24
25
173
177
225
49
50
170
181
245
36
37
171
184
246
184
198
254
140
181
198
253
255
140
170
253
256
140
171
254
255
256
53
54
178
239
153
205
214
218
67
68
175
183
230
142
150
155
161
210
33
34
172
222
52
53
178
259
28
144
163
188
199
158
217
219
221
227
238
154
200
231
240
3
69
70
71
149
201
1
40
41
42
202
54
55
157
166
239
259
137
138
169
232
249
137
138
168
233
248
139
222
241
139
178
239
259
273
136
137
182
229
232
271
136
137
183
230
233
272
169
180
250
141
168
179
250
251
277
34
35
167
172
246
263
51
52
170
178
243
245
264
160
166
220
224
234
239
241
146
163
215
265
7
128
129
203
204
126
127
128
204
45
46
147
174
16
17
148
176
152
207
212
4
92
205
146
240
267
146
188
240
265
282
289
7
155
203
211
216
283
4
74
288
205
260
86
87
88
152
203
204
284
287
194
247
88
89
293
294
90
91
92
205
288
293
247
296
17
18
19
176
182
229
286
46
47
48
174
181
285
154
207
242
267
289
68
69
149
175
261
30
160
165
193
200
240
12
13
131
206
216
10
11
102
121
159
208
242
174
181
198
301
7
130
131
216
291
305
174
184
198
307
155
161
162
191
192
262
30
31
160
224
226
304
38
39
184
309
89
90
293
297
298
153
163
205
228
282
288
292
138
168
169
277
278
139
172
222
263
273
8
9
74
75
159
208
292
239
241
273
274
281
2
44
45
147
285
0
16
73
148
286
159
215
282
292
314
317
124
125
287
295
125
126
284
295
322
39
40
202
269
309
312
61
141
227
251
146
159
215
242
289
302
306
122
123
124
207
287
322
48
49
181
253
147
174
202
309
324
37
38
184
254
141
217
227
266
325
61
62
223
251
325
194
216
6
85
86
294
209
218
247
260
299
260
299
334
335
6
84
194
296
333
57
145
162
189
191
196
158
185
190
195
238
247
14
15
84
112
206
337
162
211
216
333
338
260
293
294
297
334
336
194
196
333
338
341
6
296
299
334
336
337
206
216
333
337
340
194
195
196
247
339
74
75
90
87
88
79
80
90
91
347
348
78
79
348
350
89
90
348
350
352
77
78
347
348
351
352
88
89
349
350
353
81
82
349
80
81
349
356
80
349
350
355
357
76
77
347
354
84
85
86
356
8
75
76
347
359
86
87
349
356
360
82
83
84
356
360
4
74
91
92
347
351
101
102
366
366
367
369
111
112
368
365
370
95
96
369
370
105
106
369
370
106
107
367
369
374
96
97
367
369
373
99
100
368
371
103
104
365
372
94
95
370
372
373
104
105
370
372
374
378
108
109
366
368
98
99
366
368
377
93
94
365
372
379
109
110
368
371
381
97
98
366
367
376
382
107
108
366
367
375
381
9
93
101
365
383
13
110
111
371
384
14
100
112
371
377
10
102
103
365
378
118
127
130
131
123
124
124
125
391
394
115
116
391
394
395
126
127
391
392
116
117
391
396
397
128
129
393
119
120
393
399
118
119
392
399
400
117
118
392
397
398
127
128
392
399
401
12
120
131
393
400
7
129
130
393
399
125
126
391
395
397
114
115
394
396
11
113
114
121
407
121
122
123
394
407
408