0,00000000
1,00000000
1,00000000
1,00000000
0,47710345
0,47695155
0,52350697
0,52368217
0,48116247
0,48140089
0,48138474
0,48114024
0,51912130
0,51888914
0,51891054
0,51917042
0,00000000
0,00000000
0,00000000
0,00000000
0,00000000
0,00000000
0,00000000
0,00000000
0,00000000
0,00000000
0,00000000
0,00000000
0,00000000
0,00000000
0,00000000
0,00000000
0,00000000
0,00000000
0,00000000
0,00000000
0,00000000
0,00000000
0,00000000
0,00000000
0,00000000
0,00000000
1,00000000
1,00000000
1,00000000
1,00000000
1,00000000
1,00000000
1,00000000
1,00000000
1,00000000
1,00000000
1,00000000
1,00000000
1,00000000
1,00000000
1,00000000
1,00000000
1,00000000
1,00000000
1,00000000
1,00000000
1,00000000
1,00000000
1,00000000
1,00000000
1,00000000
1,00000000
1,00000000
1,00000000
1,00000000
0,00000000
0,00000000
0,00000000
0,47919816
0,48041462
0,48485522
0,48899444
0,49337994
0,49787678
0,50241646
0,50692025
0,51130263
0,51542569
0,52058607
0,51757063
0,51243222
0,50746774
0,50258694
0,49768021
0,49281523
0,48785998
0,48283563
0,48503521
0,48910925
0,49343924
0,49789532
0,50239736
0,50685940
0,51118495
0,51525336
0,48168774
0,48166948
0,48503002
0,48911465
0,49343266
0,49789032
0,50239128
0,50685266
0,51118859
0,51527070
0,51860743
0,51862056
0,48485035
0,48900348
0,49337029
0,49787013
0,50240795
0,50691092
0,51130541
0,51545786
0,47978590
0,48273143
0,48786408
0,49278163
0,49769728
0,50257862
0,50744112
0,51238088
0,51748673
0,52111139
0,51984903
0,36628836
0,25882227
0,86388135
0,34044885
0,45884900
0,47981084
0,49456094
0,48416741
0,52636262
0,56642457
0,49435598
0,48016632
0,16067720
0,85090561
0,36147855
0,85420443
0,13469596
0,59916022
0,52751420
0,47243558
0,50068554
0,44708024
0,42900789
0,58823567
0,30796771
0,76646034
0,70709678
0,44195603
0,29408506
0,62319149
0,66728743
0,34142582
0,36448962
0,36164403
0,62502040
0,23028638
0,66776565
0,32570906
0,73511553
0,30415416
0,29397403
0,19939722
0,73775805
0,61160481
0,23325873
0,23896546
0,69883012
0,71989085
0,26135831
0,76681095
0,28462730
0,62612785
0,28879406
0,83591558
0,42008235
0,43168784
0,15676883
0,86225861
0,56219370
0,74055407
0,74556025
0,13830383
0,64676697
0,81064290
0,76020338
0,41827104
0,55056240
0,29242366
0,34572479
0,24210197
0,71558077
0,53225898
0,51753368
0,46575678
0,53914512
0,46271463
0,46806534
0,53545628
0,50308244
0,60414524
0,46247752
0,36102584
0,44983192
0,40132803
0,57489110
0,52692201
0,48400940
0,40621177
0,42187101
0,47843616
0,19428234
0,85683351
0,25261667
0,12570617
0,13906221
0,80461582
0,40813931
0,14866440
0,81421352
0,42194432
0,16147299
0,81878403
0,51720779
0,86301245
0,13268319
0,15450079
0,60252288
0,62358478
0,26424422
0,31796326
0,45606633
0,61288270
0,40156688
0,89854454
0,12596681
0,59943275
0,83872860
0,15186801
0,39389946
0,72230109
0,11280353
0,81548878
0,20666799
0,41663403
0,58729198
0,66618987
0,40858106
0,78741339
0,48820518
0,82132810
0,56111738
0,16094627
0,86375651
0,22172035
0,60605650
0,37034187
0,62540835
0,44268261
0,79761396
0,32903971
0,64920924
0,40886890
0,58400715
0,31141761
0,64191809
0,41146240
0,56119588
0,12698284
0,82967774
0,44413934
0,34957710
0,52650686
0,50812309
0,91496169
0,00809078
0,48502984
0,46633384
0,35312480
0,27807192
0,55741552
0,45451189
0,49026403
0,50789731
0,50485553
0,58099510
0,50053728
0,48269622
0,55318412
0,10537431
0,87113272
0,41725169
0,80839769
0,21460807
0,53342652
0,46579456
0,68413143
0,53929901
0,50679031
0,65530297
0,15005246
0,24401272
0,49431942
0,42052664
0,49218648
0,30842808
0,46622964
0,47568693
0,96305756
0,00367421
0,42038501
0,49443553
0,50130037
0,35102761
0,77575243
0,41330799
0,48451159
0,89582508
0,63891800
0,12411605
0,65599536
0,87102628
0,61797986
0,51916487
0,52982156
0,52072024
0,56661968
0,77445673
0,68456789
0,53569144
0,65014289
0,50603899
0,68986914
0,54392691
0,56671879
0,68961014
0,48428122
0,49209269
0,50597094
0,49948103
0,48833178
0,49485678
0,49674810
0,48979554
0,50130062
0,50946437
0,50618630
0,50332287
0,48606371
0,51427375
0,48331529
0,51007973
0,51422145
0,48334458
0,48477243
0,50692290
0,50201490
0,51147591
0,49768897
0,49323881
0,51547078
0,48862928
0,49550491
0,49550318
0,49978594
0,49978860
0,51325632
0,48694929
0,49084049
0,49111582
0,50915808
0,50887520
0,48692027
0,51329581
0,50449100
0,50453810
0,48395107
0,51632540
0,51632796
0,48393605
0,49848026
0,50681797
0,51764062
0,49123387
0,49569473
0,49519625
0,50272318
0,50000270
0,51454054
0,51426064
0,51049365
0,50374681
0,51012321
0,51723583
0,51879642
0,49943177
0,49006620
0,48415287
0,48571320
